admin 111 1
1005 1005 1
12 12 0 
13 13 0 
14 14 0 
555 555 0 
2 2 4 
5 5 3 
1001 1001 4 
1001 1001 4 
1002 1002 4 
1003 1003 0 
1005 1005 4 
1005 1005 4 
1003 1003 3 
2005 2005 4 
2005 2005 4 
2000 2000 4 
2000 2000 0 
2000 2000 0 
2000 2000 0 
2000 2000 0 
2000 2000 0 
2000 2000 0 
2000 2000 0 
2000 2000 0 
2000 2000 0 
2000 2000 0 
2000 2000 0 
2000 2000 0 
2000 2000 0 
2005 2005 0 
2000 2000 0 
2005 2005 0 
2000 2000 0 
2000 2000 0 
2005 2005 0 
1001 1001 0 
1002 1002 0 
1003 1003 0 
1005 1005 0 
1001 1001 3 
1002 1002 0 
8000 8000 4 
8000 8000 3 
8001 8001 0 
8001 8001 5 
